[gd_scene format=3 uid="uid://cvo7w7v04f75t"]

[ext_resource type="Texture2D" uid="uid://0stlsxgugj3v" path="res://assets/textures/prototyping/Dark/texture_06.png" id="1_0wfyh"]
[ext_resource type="PackedScene" uid="uid://c0rgguixsgwm2" path="res://scenes/actors/rat.tscn" id="2_jyhfs"]
[ext_resource type="PackedScene" uid="uid://dlrk0hkpq35vu" path="res://scenes/actors/player.tscn" id="2_sugp2"]
[ext_resource type="Script" uid="uid://jtojj6ov8uec" path="res://scripts/camera/camera_rig_3d.gd" id="4_jyhfs"]

[sub_resource type="ProceduralSkyMaterial" id="ProceduralSkyMaterial_0wfyh"]
sky_horizon_color = Color(0.66224277, 0.6717428, 0.6867428, 1)
ground_horizon_color = Color(0.66224277, 0.6717428, 0.6867428, 1)

[sub_resource type="Sky" id="Sky_sugp2"]
sky_material = SubResource("ProceduralSkyMaterial_0wfyh")

[sub_resource type="Environment" id="Environment_jyhfs"]
background_mode = 1
sky = SubResource("Sky_sugp2")
ambient_light_source = 2
ambient_light_color = Color(0.5609553, 0.5609549, 0.5609547, 1)
tonemap_mode = 2

[sub_resource type="NavigationMesh" id="NavigationMesh_o5qli"]
vertices = PackedVector3Array(-24.5, 0.10000008, -24.5, -24.5, 0.10000008, 24.5, 24.5, 0.10000008, 24.5, 24.5, 0.10000008, -24.5)
polygons = [PackedInt32Array(3, 2, 0), PackedInt32Array(0, 2, 1)]
cell_height = 0.05

[sub_resource type="BoxShape3D" id="BoxShape3D_sugp2"]
size = Vector3(50, 1, 50)

[sub_resource type="StandardMaterial3D" id="StandardMaterial3D_0wfyh"]
albedo_texture = ExtResource("1_0wfyh")
uv1_triplanar = true
texture_filter = 2

[sub_resource type="BoxMesh" id="BoxMesh_sgp6g"]
size = Vector3(50, 1, 50)

[node name="Main" type="Node" unique_id=1852786395]

[node name="WorldEnvironment" type="WorldEnvironment" parent="." unique_id=2012372359]
environment = SubResource("Environment_jyhfs")

[node name="DirectionalLight3D" type="DirectionalLight3D" parent="." unique_id=367339769]
transform = Transform3D(-0.8660254, -0.43301278, 0.25, 0, 0.49999997, 0.86602545, -0.50000006, 0.75, -0.43301266, 0, 0, 0)
shadow_enabled = true

[node name="NavigationRegion3D" type="NavigationRegion3D" parent="." unique_id=436478658]
navigation_mesh = SubResource("NavigationMesh_o5qli")

[node name="StaticBody3D" type="StaticBody3D" parent="NavigationRegion3D" unique_id=2063829339]
transform = Transform3D(1, 0, 0, 0, 1, 0, 0, 0, 1, 0, -0.5, 0)

[node name="CollisionShape3D" type="CollisionShape3D" parent="NavigationRegion3D/StaticBody3D" unique_id=1815389258]
shape = SubResource("BoxShape3D_sugp2")

[node name="GroundMesh" type="MeshInstance3D" parent="NavigationRegion3D/StaticBody3D" unique_id=1177689187]
material_override = SubResource("StandardMaterial3D_0wfyh")
mesh = SubResource("BoxMesh_sgp6g")

[node name="Player" parent="." unique_id=1567233473 instance=ExtResource("2_sugp2")]
transform = Transform3D(0.49999997, 0, -0.86602545, 0, 1, 0, 0.86602545, 0, 0.49999997, -0.097546816, 0, -0.034336686)

[node name="Rat" parent="." unique_id=925541081 instance=ExtResource("2_jyhfs")]
transform = Transform3D(1, 0, 0, 0, 1, 0, 0, 0, 1, 0.8330898, 1.9073486e-06, -6.2256107)

[node name="CameraRig3D" type="Node3D" parent="." unique_id=1071767058 node_paths=PackedStringArray("camera", "follow_target")]
script = ExtResource("4_jyhfs")
camera = NodePath("Camera3D")
follow_target = NodePath("../Player")
follow_speed = 1.75
update_in_physics_process = true

[node name="Camera3D" type="Camera3D" parent="CameraRig3D" unique_id=1281474541]
transform = Transform3D(1, 0, 0, 0, 0.80434453, 0.5941632, 0, -0.5941632, 0.80434453, 0, 3.5739837, 2.3185132)
current = true

[node name="Camera3D2" type="Camera3D" parent="CameraRig3D" unique_id=1705657550]
transform = Transform3D(0.7071068, -0.5, 0.49999997, 0, 0.7071068, 0.7071068, -0.7071068, -0.50000006, 0.5, 3.9072766, 7.5495167, 3.9704874)
projection = 1
size = 15.0
far = 100.0
